
Thread 1 / 1

 %self  cumulative    total     self   children    calls self/call total/call  name
 41.61       58961  1172397    58961   1113436   1944614      0.03       0.60  Array#each
 12.92       77261    18300    18300         0   22951744      0.00       0.00  Regexp#=~
 11.68       93805    16544    16544         0   22951744      0.00       0.00  Array#join
  6.35      102806     9001     9001         0   22951744      0.00       0.00  Array#first
  3.60      107913     7418     5107      2311    294779      0.02       0.03  Integer#times
  3.33      112638    45010     4725     40285    549946      0.01       0.08  Board#initialize
  2.82      116636   104469     3998    100471   1649836      0.00       0.06  Board#find_winner
  1.89      119312   100147     2676     97471   1649836      0.00       0.06  Enumerable#find
  1.87      121957    37886     2645     35241    549945      0.00       0.07  Board#move
  1.72      124393  1125923     2436   1123487    549946      0.00       2.05  MinMaxPlayer#get_best_move
  1.70      126802     2409     2409         0   5806470      0.00       0.00  String#==
  0.97      128178    36771     1376     35395    549946      0.00       0.07  Board#game_over?
  0.96      129532     1850     1354       496   1099896      0.00       0.00  Kernel#dup
  0.85      130743     1875     1211       664    340858      0.00       0.01  Array#index
  0.85      131942     1681     1199       482    549945      0.00       0.00  Board#occupied?
  0.78      133054     1562     1112       450   1060282      0.00       0.00  Kernel#===
  0.72      134077     1023     1023         0   2653024      0.00       0.00  Array#[]
  0.71      135088    33520     1011     32509    549946      0.00       0.06  Board#someone_win?
  0.69      136062     2500      974      1526    255168      0.00       0.01  MinMaxPlayer#evaluate_score
  0.64      136963     8455      901      7554    294778      0.00       0.03  Board#get_empty_squares
  0.56      137762     1622      799       823    549946      0.00       0.00  MinMaxPlayer#get_opponent
  0.53      138515     1665      753       912    549949      0.00       0.00  Board#to_a
  0.35      139011      496      496         0   1099896      0.00       0.00  Array#initialize_copy
  0.27      139394      383      383         0    549945      0.00       0.00  Array#delete_at
  0.25      139748      354      354         0    844724      0.00       0.00  Array#length
  0.24      140095      347      347         0    549945      0.00       0.00  Array#insert
  0.17      140339      244      244         0    549945      0.00       0.00  Array#at
  0.17      140578      239      239         0    549945      0.00       0.00  Fixnum#+
  0.16      140809      231      231         0    549958      0.00       0.00  Array#<<
  0.16      141031      222      222         0    549945      0.00       0.00  Fixnum#>
  0.14      141226      195      195         0    549945      0.00       0.00  Fixnum#-@
  0.13      141410      184      184         0    418176      0.00       0.00  Symbol#===
  0.10      141550      140      140         0    418176      0.00       0.00  Array#last
  0.10      141689      139      139         0    360225      0.00       0.00  Fixnum#==
  0.00      141691        2        2         0         5      0.40       0.40  IO#write
  0.00      141692        2        1         1         1      1.00       2.00  MinMaxPlayer#get_mirrored_moves
  0.00      141692        0        0         0         1      0.00       0.00  MinMaxPlayer#initialize
  0.00      141692        0        0         0         1      0.00       0.00  Player#initialize
  0.00      141692        0        0         0         1      0.00       0.00  Array#fill
  0.00      141692        0        0         0         1      0.00       0.00  StdUI#initialize
  0.00      141692        0        0         0         1      0.00       0.00  Range#each
  0.00      141692        0        0         0        18      0.00       0.00  Array#reverse
  0.00      141692        0        0         0         6      0.00       0.00  Array#transpose
  0.00      141692        0        0         0         6      0.00       0.00  Array#flatten
  0.00      141692        0        0         0         3      0.00       0.00  Array#==
  0.00      141692        0        0         0         1      0.00       0.00  Array#inspect
  0.00      141692        0        0         0         4      0.00       0.00  Kernel#inspect
  0.00      141692        0        0         0         5      0.00       0.00  Fixnum#to_s
  0.00      141692        0        0         0         1      0.00       0.00  Kernel#rand
  0.00      141692        1        0         1         1      0.00       1.00  StdUI#display_cpu_move_message
  0.00      141692        1        0         1         1      0.00       1.00  StdUI#display_message
  0.00      141692        1        0         1         1      0.00       1.00  IO#print
  0.00      141692        1        0         1         2      0.00       0.50  Kernel#puts
  0.00      141692   141690        0    141690         1      0.00  141690.00  MinMaxPlayer#make_move
  0.00      141692   141692        0    141692         1      0.00  141692.00  #toplevel
